You Select TV remote & Decoder Button ON 
tv_On[71] :9060, 4494,  594, 538,  620, 514,  618, 516,  618, 1676,  590, 516,  618, 516,  590, 542,  592, 540,  618, 1676,  566, 1702,  590, 1676,  564, 542,  592, 1702,  564, 1702,  564, 1702,  564, 1702,  590, 1676,  564, 1704,  588, 1678,  564, 542,  590, 1704,  564, 542,  590, 1704,  562, 1704,  560, 544,  590, 542,  590, 544,  588, 1706,  562, 544,  588, 1704,  562, 542,  568, 566,  566, 39808,  9064, 2248,  596
Decoder Success!!

{
  "tv_On": "9060, 4494,  594, 538,  620, 514,  618, 516,  618, 1676,  590, 516,  618, 516,  590, 542,  592, 540,  618, 1676,  566, 1702,  590, 1676,  564, 542,  592, 1702,  564, 1702,  564, 1702,  564, 1702,  590, 1676,  564, 1704,  588, 1678,  564, 542,  590, 1704,  564, 542,  590, 1704,  562, 1704,  560, 544,  590, 542,  590, 544,  588, 1706,  562, 544,  588, 1704,  562, 542,  568, 566,  566, 39808,  9064, 2248,  596"
}
httpCode :-1

Enter Button Again
You Select TV remote & Decoder Button Vol +
tv_volUp[71] :9056, 4498,  590, 542,  592, 542,  590, 542,  590, 1702,  566, 540,  592, 540,  594, 540,  592, 542,  590, 1702,  564, 1702,  564, 1702,  566, 542,  590, 1702,  564, 1702,  566, 1702,  566, 1700,  564, 1702,  566, 1702,  566, 540,  592, 544,  590, 540,  592, 542,  590, 542,  590, 1702,  564, 540,  594, 542,  592, 1700,  566, 1700,  566, 1702,  566, 1700,  566, 1700,  566, 540,  592, 39786,  9056, 2256,  590
Decoder Success!!

{
  "tv_volUp": "9056, 4498,  590, 542,  592, 542,  590, 542,  590, 1702,  566, 540,  592, 540,  594, 540,  592, 542,  590, 1702,  564, 1702,  564, 1702,  566, 542,  590, 1702,  564, 1702,  566, 1702,  566, 1700,  564, 1702,  566, 1702,  566, 540,  592, 544,  590, 540,  592, 542,  590, 542,  590, 1702,  564, 540,  594, 542,  592, 1700,  566, 1700,  566, 1702,  566, 1700,  566, 1700,  566, 540,  592, 39786,  9056, 2256,  590"
}
httpCode :-1

Enter Button Again
You Select TV remote & Decoder Button Vol -
tv_volDown[71] :9054, 4498,  590, 542,  590, 542,  592, 542,  590, 1704,  562, 542,  590, 544,  590, 542,  590, 544,  590, 1704,  562, 1704,  562, 1704,  562, 544,  590, 1702,  564, 1702,  562, 1704,  562, 1704,  562, 544,  590, 1704,  564, 1704,  562, 542,  592, 484,  650, 542,  588, 542,  592, 1704,  562, 1704,  562, 544,  590, 542,  590, 1704,  562, 1704,  562, 1704,  562, 1704,  564, 542,  588, 39790,  9054, 2260,  586
Decoder Success!!

{
  "tv_volDown": "9054, 4498,  590, 542,  590, 542,  592, 542,  590, 1704,  562, 542,  590, 544,  590, 542,  590, 544,  590, 1704,  562, 1704,  562, 1704,  562, 544,  590, 1702,  564, 1702,  562, 1704,  562, 1704,  562, 544,  590, 1704,  564, 1704,  562, 542,  592, 484,  650, 542,  588, 542,  592, 1704,  562, 1704,  562, 544,  590, 542,  590, 1704,  562, 1704,  562, 1704,  562, 1704,  564, 542,  588, 39790,  9054, 2260,  586"
}
httpCode :-1

Enter Button Again
You Select TV remote & Decoder Button Vol -
tv_volDown[71] :8992, 4562,  474, 632,  554, 578,  528, 604,  528, 1766,  528, 606,  504, 604,  528, 630,  504, 604,  530, 1764,  500, 1740,  550, 1742,  520, 610,  504, 1764,  504, 1738,  552, 1736,  504, 1764,  502, 630,  526, 578,  528, 606,  554, 1736,  530, 1742,  526, 582,  526, 1764,  528, 1740,  498, 1766,  528, 1766,  500, 1740,  502, 630,  502, 632,  526, 1714,  526, 662,  472, 630,  504, 39874,  8970, 2344,  518
Decoder Success!!

{
  "tv_volDown": "8992, 4562,  474, 632,  554, 578,  528, 604,  528, 1766,  528, 606,  504, 604,  528, 630,  504, 604,  530, 1764,  500, 1740,  550, 1742,  520, 610,  504, 1764,  504, 1738,  552, 1736,  504, 1764,  502, 630,  526, 578,  528, 606,  554, 1736,  530, 1742,  526, 582,  526, 1764,  528, 1740,  498, 1766,  528, 1766,  500, 1740,  502, 630,  502, 632,  526, 1714,  526, 662,  472, 630,  504, 39874,  8970, 2344,  518"
}
httpCode :-1

Enter Button Again
